training perplexities:
552.3
180.54
114.03
90.66
78.02
69.69
63.54
58.67
55.04
52.18
49.44
47.45
45.46
43.99
42.55
41.29
37.4
35.34
34.21
33.46
33.16
33.17
32.99
32.72
32.82
32.77
32.78
32.87
32.98
32.88
32.74
32.62
32.69
32.86
32.86
32.93
32.67
32.75
32.87
32.82
validation perplexities:
212.93
113.56
85.15
75.86
68.2
64.04
61.1
59.86
59.04
57.93
57.28
56.56
56.49
56.33
55.85
56.25
54.82
54.89
54.79
54.84
54.72
54.68
54.68
54.69
54.68
54.68
54.68
54.68
54.68
54.68
54.68
54.68
54.68
54.68
54.68
54.68
54.68
54.68
54.68
54.68
test perplexity:
67.16