training perplexities:
619.02
248.09
190.57
164.48
147.04
136.57
129.0
124.4
119.98
117.21
113.83
111.87
109.49
108.28
106.64
105.29
104.01
103.47
102.18
97.57
93.09
90.1
88.82
87.5
86.92
85.96
85.13
83.92
83.47
83.41
82.55
81.69
80.6
80.12
79.82
78.67
78.72
79.0
78.76
78.08
validation perplexities:
235.5
160.0
132.88
113.12
101.57
94.76
91.93
87.99
86.83
84.15
83.91
82.87
80.95
80.34
80.04
79.8
79.26
78.19
78.75
76.3
75.64
75.19
74.9
74.48
74.43
73.91
73.77
73.48
73.47
73.12
72.88
72.96
72.37
72.36
72.28
72.3
72.14
72.09
72.01
72.01
test perplexity:
 87.33