training perplexities:
569.47
173.67
102.79
77.11
64.13
55.21
49.0
44.01
40.17
36.55
30.72
28.27
26.88
26.27
25.7
25.64
25.58
25.39
25.35
25.35
25.3
25.36
25.33
25.37
25.32
25.28
25.32
25.4
25.4
25.38
25.28
25.24
25.32
25.32
25.32
25.31
25.25
25.38
25.44
25.3
validation perplexities:
218.21
113.28
81.98
71.17
65.38
62.5
59.68
58.77
58.75
58.81
55.98
56.16
55.66
55.67
55.54
55.54
55.51
55.49
55.48
55.49
55.49
55.49
55.49
55.49
55.49
55.49
55.49
55.49
55.49
55.49
55.49
55.49
55.49
55.49
55.49
55.49
55.49
55.49
55.49
55.49
test perplexity:
68.06