training perplexities:
568.07
164.6
90.61
64.81
50.78
41.48
33.85
24.72
21.15
19.06
18.39
18.04
17.93
17.91
17.9
17.9
17.9
17.9
17.9
17.9
17.9
17.9
17.9
17.9
17.9
17.9
17.9
17.9
17.9
17.9
17.9
17.9
17.9
17.9
17.9
17.9
17.9
17.9
17.9
17.9
validation perplexities:
240.62
123.18
82.18
73.17
68.14
67.64
70.35
65.97
68.91
68.51
67.37
67.09
67.04
67.03
67.03
67.03
67.03
67.03
67.03
67.03
67.03
67.03
67.03
67.03
67.03
67.03
67.03
67.03
67.03
67.03
67.03
67.03
67.03
67.03
67.03
67.03
67.03
67.03
67.03
67.03
test perplexity:
78.64