training perplexities:
550.74
172.33
96.35
71.55
57.56
48.36
41.8
32.38
29.14
26.94
26.13
25.59
25.37
25.17
24.9
24.97
24.97
24.9
24.84
24.89
24.89
24.78
24.89
24.95
24.89
24.84
24.86
24.92
24.85
24.91
24.88
24.8
24.87
24.88
24.9
24.82
24.78
24.91
24.9
24.9
validation perplexities:
248.31
117.17
81.06
72.3
65.82
62.72
63.42
58.08
58.51
58.07
58.23
58.03
58.01
58.05
58.01
58.0
58.0
58.0
57.99
57.99
57.99
57.99
57.99
57.99
57.99
57.99
57.99
57.99
57.99
57.99
57.99
57.99
57.99
57.99
57.99
57.99
57.99
57.99
57.99
57.99
test perplexity:
68.87