training perplexities:
552.86
165.27
92.73
67.5
54.18
45.15
38.57
33.06
25.58
22.61
20.91
20.26
20.01
19.9
19.88
19.87
19.88
19.91
19.85
19.93
19.89
19.9
19.86
19.93
19.92
19.88
19.93
19.93
19.9
19.88
19.92
19.89
19.85
19.89
19.95
19.92
19.87
19.94
19.85
19.9
validation perplexities:
278.53
124.83
80.76
70.26
64.62
63.95
63.4
65.9
61.21
62.2
61.87
61.5
61.44
61.42
61.42
61.42
61.42
61.42
61.42
61.42
61.42
61.42
61.42
61.42
61.42
61.42
61.42
61.42
61.42
61.42
61.42
61.42
61.42
61.42
61.42
61.42
61.42
61.42
61.42
61.42
test perplexity:
73.57