training perplexities:
543.75
169.4
98.36
72.09
58.95
49.92
43.81
38.46
30.81
28.14
26.14
25.32
24.89
24.62
24.5
24.34
24.36
24.35
24.28
24.25
24.28
24.37
24.35
24.34
24.44
24.29
24.36
24.3
24.3
24.31
24.25
24.27
24.4
24.42
24.33
24.34
24.31
24.35
24.35
24.33
validation perplexities:
238.68
112.85
80.25
71.49
65.65
63.24
61.27
63.4
58.8
59.03
58.55
58.78
58.44
58.4
58.46
58.41
58.41
58.41
58.41
58.41
58.41
58.41
58.41
58.41
58.41
58.41
58.41
58.41
58.41
58.41
58.41
58.41
58.41
58.41
58.41
58.41
58.41
58.41
58.41
58.41
test perplexity:
69.12