training perplexities:
703.77
407.45
378.57
367.96
359.74
356.93
349.85
341.1
336.94
331.6
328.72
326.86
324.85
321.33
320.41
319.08
316.0
315.79
315.57
315.29
314.51
313.03
313.17
312.04
311.12
310.32
309.0
309.76
308.64
307.54
307.35
306.71
306.84
306.19
305.21
305.72
304.77
304.71
303.16
302.71
validation perplexities:
380.72
361.5
353.93
351.01
328.98
330.73
324.53
319.67
309.5
303.38
301.24
300.9
300.94
300.46
300.16
299.91
299.83
299.6
299.36
299.2
298.66
298.31
297.15
296.4
295.14
294.59
293.37
292.31
291.22
290.52
290.25
289.47
288.91
288.46
288.06
287.65
286.96
286.1
284.93
285.65
test perplexity:
319.03