training perplexities:
568.07
277.42
203.49
171.72
152.99
140.63
132.0
124.84
120.03
115.97
112.11
109.34
106.95
104.6
102.89
100.94
100.11
98.04
97.03
96.12
95.71
94.41
93.11
91.84
91.09
91.0
90.44
89.04
89.45
88.84
87.34
82.59
78.64
76.6
75.36
74.34
72.68
72.38
71.73
70.76
validation perplexities:
272.23
167.44
131.96
111.86
98.72
91.21
85.28
82.59
76.79
74.4
72.8
70.13
69.41
67.49
65.48
64.85
62.89
62.28
61.41
60.87
59.92
59.02
58.01
57.43
57.22
56.5
55.96
55.81
55.12
54.4
54.49
50.43
49.73
49.26
48.61
48.4
47.8
47.3
47.04
46.65
test perplexity:
34.22