training perplexities:
659.56
423.23
398.0
389.11
382.57
382.57
382.89
383.65
384.77
387.67
380.16
374.12
370.29
368.13
368.59
366.89
365.15
364.41
363.48
364.6
363.43
362.27
362.24
361.27
360.28
359.12
359.54
358.31
357.78
356.98
356.89
354.99
357.14
354.01
354.62
354.18
353.23
353.24
353.19
352.06
validation perplexities:
397.11
368.61
360.01
355.38
347.7
346.83
345.93
344.54
344.19
345.47
343.04
343.37
342.64
342.15
342.07
341.65
341.48
341.21
340.81
340.56
339.97
339.55
339.03
338.41
338.09
337.4
336.82
336.44
335.64
335.3
333.74
332.79
332.04
330.89
329.88
329.43
328.71
327.38
326.94
325.87
test perplexity:
276.4