training perplexities:
543.09
205.87
124.31
91.75
74.57
63.32
55.72
50.0
45.08
41.38
38.46
35.82
33.56
31.61
29.89
28.38
27.14
26.19
25.06
24.13
23.36
22.59
21.89
21.24
20.75
20.28
19.6
19.3
18.85
18.67
18.26
17.94
17.65
17.32
17.15
16.88
16.78
16.59
16.37
15.98
validation perplexities:
246.4
125.22
83.77
65.99
52.73
44.74
39.33
34.1
30.5
27.48
24.95
22.47
20.81
19.18
17.66
16.78
15.78
14.77
13.82
13.14
12.36
11.98
11.35
11.01
10.57
10.02
9.67
9.46
9.19
8.89
8.67
8.44
8.39
7.99
7.82
7.71
7.65
7.34
7.23
7.11
test perplexity:
6.42